0
-293676
0
-464533

0
0
467409
-476896
0
727218
0
278221
647661
-840167
-249679

-715853
0

0
422673
836385
0
-971961
0
0
0

0


0

284720



375345
0
351803
0
-625253
518824
-719779
0
318265
188530
610085
0
0
-127742

0

0
-314314
-601817

-151307

-335426

0
643924
136405
-163228
-4000

0
0
-671698

72706
725769
667436
-988244
0
409930
860600
0
0
0



-722042
38978
0
0

-414340
-199104
0
18197
0
116521
-786026
738081
-823941
-60964




824869

-596780
-293867
960579
-371516

-164342

611582

246379
194469

0
-975895
769278

-399505
-901732
0
718339
726200
-220243

0
0
600342
0
90814
-431877

802695

-10787
0
-400612
143405
0
271820

73091
0

0
-288037
-77380

-830410
0
-644644


-871635

0

0

-33959
370952
593089
-627703
506400


398656
699450
746828

482450
-649585
-856540
3612
280366
-969908

923041
0
-783861
-486381


513929
0
-69908
-378144
219686
0
0


-492752
837058

-156451



0

-222501
696254
265592
855674
937269

0
490943



-84331

-363151
667726

297430
474288
0
0
-752047


-53959

734029
194914
821854

0
0
0
0
557617

-448432
919562
766422
795115

-656903
0
-584204

0
0

827803
0
0

152012
0
-252064
-427221
-526719
0
9406
3715

0
-266271

308717
-370470
608698
0
-896071
956547
331289
486823
337770


-471486
0

923635
-984280
-256735
0
359266
435309
640523
0
493947


0
0
643617
0
-593531

-530180
685541
816124
0
466440
0
668596



870960
97024
345134
-653901
-485841


171977
168854
-629549
-743087

-843303

-237113
0
0




449780
-534287
593756
0
0
118501
627466
0
-551289
-885131
0
-248634
556374
-57836

-906681

-442153
-176826
477291
0
557572
-148106
684702

178176
0

0
-527480

-164220
712182
365996

-270964
952374
-731692
-949571
437045
0

-952682

0
0
0
-834822
0


0
0
564598
619196
-614031

-290826
220525

0
0
-974297
0

0
-315698
789124
0
-868748
630969

0

0

-966444
932772
-919112

0



-27527
367358
659650
0
716769



0
-777085

724223
814921
0
0

-248271
0
0

405605



202767

0
0
0


0
462663
-168852
-502071

-694218
0


-723222

-227226
717646
0
390657

0
0
0
-761032
0

80053
0
-743659
-782072
858622
930226
-376835
0
-671952
758845
-106977

0

304909

330698

-218052
0

0
-668631
-965903

27245
0

816650
698769
0
86856

767233


0
361397

-912723
0
0
977867
0
81747
31658
90462
663391

0

-764066
0
284140
321000
-693898
0
487870
0
-340854
0

0
534295
0
42627
0

-407973
0
0
42261
0

867807

334660
111296

-938218
884559


-339296
476379
-556856
435427
0
0
426926
0
-177943
268942
-702471
0
0

0
482263

0
49434
859036
0
807607
205293
-231475
441999
-774144
621474

-980774

0
-825033
242817
-11777
397697
-608045
0

0
0
0
966583
0
0

0
214386
561604
-212081
0
-239589
-341230
0
611177
-986941
-421764
554519

-10144
-504857
-71343
-213428
-144633

-547578
-756246

-33317
617075

-821931
0

0

388382
0

-305482

-607420
-161858
392663
-159435

245405
0
-288739
232526
-444424
-296959
0
268391
878745
0
-747661

-433875

-660118


0
0

0
0
332680

-60779
177709

-151817
0
-478388
-52290

236655
-362969
0

-265365
0
0
256794
0
0
0

-129338
0
-48926
619371
0
489539
-438169


0
261071
168977
277297
112882

350134

1104
-67082
-163071
362886
-703414
-626342


-325988
0
-960536
32470
782492
890888
-168852
599902
-684452

-949670
976795
642607
-462479

-509795
0
0

0
-969349
216991
649637
-804969
0
0
100530

0
844680
199721

-727155

-107779

0
-483238
0
-543628
282860


368422
323700
704732
0
-229702

547827
-818483
-911016
0
0

468274
0

215382
468227


0
0

355451
851940
-97261

448391
572947
-711876
-984100

0
0
840458


-849538
-696735
640942
787422

126091
-580125
-423974

0
292618
-168958
0
771009
0
832603
549444
0
-116839


0
0
-531048
-105022



0
-807146
0
-382448
-755257
0
0
-437012

-904629
0
314176
-678237
0
542991
0
0
214152

910026


-210408

-278100
0
-661383
115843


-311942
0
0
310480
2584

-971419

-900654



617580

-763788
862767

-903442

0
0
12834
585608
0
-194868
0

-865933
-595925
-57046
181454
0

554542




-250782
-743024


0
-510280
0
-374579
-581904
0
-577240
677389
-256751
428400
-943526
-946351
0
17170
0

794677

939304
-652472

712239
-845369

0
40032
0

0

470894
538281
-642536
538280
60060
750880
0


-821195
607936
256261
0
0
674508
0
-175738
-730825
958951
875544
0

0
-832038
-260086
834906
408207
-456708

-306021
102894
-254059
90477
-246497
0
0
324526
0
0
900360
0
-476541
-592345
350658
0
828579
-709022



-523442
931125
0
-335602
969930
714572

-246967
0

0
898860
-96068
0
-556498
0
820596

0
0

-107342

-74962
0
0

0
860646
983069
-633342
597806
468072
687778
-626400
0
969367


-11819



-913750
-91567
-837989
250322
911734
-535005
0
258181
-225334
-796464
919675

114076
-554619
590950
942011
-597589

0
-242598
413390
0

0
0
-312789


788838
-486948
0
-122912

0
789091
-245697
967881


-808110
-170253
-509240
682485


-665699
-50404
-80844
-922295
992231

0

0
0
0
0
-296757

59588
-189380
537810
0
-792333
-379392
208545
-696552
884004
0
0
737901
-128040
-479451
-733652
-689005
165688
-57756
-202946
0
139405




-404323
714402

56159
0

-92386
0
345466

0
163547

0


-648074

976373
0
0

-636502
-342983
-394020
0
0

0
0
255015

0
925211
0
-408508
0
276235



-478647

-446582
775025
-507950
0
-376938
-320302
0

0




0
-214329
974

-493068

894128

-712611
-769760
-220254
0

0


0
-793567
474389
827071
0

0
0
-782083
-917215
0
751290



18022
-124858
0
755603
387667
994337

168539
0
-451889
935330
-7330

0
-950857
0
750600

-346365

11002

-131975

-419591
844426
-924151
-214494
-571242
-400425
0
-674240
473943
0
-781250
0
0
-63282
-65711
0
0
388988

169149
-213791

0


-787182
0




-746530
-399968

789983
-380403
757107
0
-706079
61876
-721061
75075
-91875
0

0
-16508
-121043

983404


-376968
0
496245
0
338500

-909447
681749

0
0
36603
822366
376809
0
528430
-47181

-683565
0
-843840


-142523
0
392208
0
-568437
-347029

-245143
-32880
-650646
517385
0
220335
-757340
811214
185450
589127


853141

-259709
-720233
885362
0
715232
0
0
18577

0

0
0
4680
109224
754669
0

409987
769746
76282
200778

-129951

-298319
774103
0

-687032
0
114892
0
755029

0
363540
0
326825
-711174
-307884
-467911
-12441

150190
907226
-180726


0
0
0
-803182
-898825
-317645
-316326

952973
0
0

535852
0
0


-11504
0
-806002
-803115
0
-862871
-403013
-589225
0
-719274

796118

-84463

988943
0

858064
-467995
142322
457679
-760114
561589
5070
0

-486046
0

0
0
0
0
0
-276478
0
-683253
-889996

587081
-508899
0
-222117

-276707

633374
-209966

-879427
238724
-113033


0
-601668
475811
551672

-240910


0


355561
0
314974
-614216
0
-44469
-865322
-554312
0


564308
355530
0

727856
0
0
92408
-998872
-702454
0
-133070
734684
0
0
184138
117251
0
-575840


241900
-556046

929569
0


90308
0
-14700



-727777

0
869423

0
0

-973123
538235
437409
0
284211
462639
37210

0
-914512

432955
-12355
-941652

57137
0
0
702965


0
0
803058
-223582
0
96731
-924450

0
-804483
0
356574
-183937

0
-138767
-754731
0
375336
0
0
0

0
634629

0
-520910
614934
0
0
460901
0


-443682

0
398974
0
-856435
430
0

0
0


47267
0
946396

-640542

852370

-861943
115901

0
0

0
-617546


-4064
0


194495

566412

242704
-55948

-253104
0

-93754
916813
0
519153

83397
518919
0
702548

-933237
-765182
-7524
-839392
640518
887047
-828302
798905
826566
-297891
-647025
0

543377
496358

-580217
-716121
-372906
256870


0




527019
791763
426408
0
624548


961761
-144867
350890
-301094



0

0
0

0
531736

0
0
900112
0

0

0


-962755
0
158505
0
0
-374759
-357263
973398

0
15273

391582
148881
0
0
0

0
-431064
3771
-696983
641416
-553394
-872602

0
-150107
961550
160938
291836
-122144

-957959
0
0
-762830
-465685

573751
0
0
-288758
384276
-116016

-175674
0
-792136
0

639316
0
0

-24994
-969903
0
-874304
-725562
517189
0
0
550429
561703

-411093
420878
0
0
-187899
821185
0

92758
0
885921

0
196938
443210
-520869

703753
652398
0
0


-525771
808441
-648950
573870
-177676
238127
76208
-262874
0
0
-8109
695513

0

844691
-222123
-159352
988592
-949660
0
526012
935747
938774

-257102


0

-889013
-127975
0
0
353016

517504
0
673291
-616677
733346
0
-340410
-872433
183292

65720
0

0
734302
-746353
392991
-533989
0
-916452



-486610
-961144
0
762378
19013

79232
930208
0
-745677
0
0
950147

0

0

0
0
0
0

0
-230559
239937
0
355139
0
-413925
-578674
0
0
-897720


0

486967
0
-539816
0
0
-453539
-617724
-521919
727086
60283
-745643

-154151
344881

-767085
-829813
602366
0
0
0



787960
44300

-929590


0

-540457
0

265557
0
810779
-385842
-814802
-910604
943546
0
434622
0
415667
672406
241870
948229
653003
0
814712
393929
0
-297219
-356435
0

0

389455

161234
0
0
863139
-296509

-771976
-512647
79966

-490724
0
0
0
0

538


514672
723771
146567
-646732
730359

-739622
825793

0
0

-727397
0
-682721
-870977
-493453
-203401
97200
-388471
0
0

718101
-369536

969976
776487
0
-527952
-938583
-286982

0
0
482224

-514065
-570292
-783360
-124231
-87438
0
616458
671915
-726474
-928281

-776652
0
-506180
-178608
-667663
141867
-563048

0
-199933
-213116
0
-443586
0
205518
0
-224971
0
442010
-54865
0
0
862773
-875026
0
762446

-959231
482610
-20656
592579
0
-486089

-574219

512562

120401
0
0
641187


0

678798
64556
-951948
0

0
0

0
0

141972
0
349246
197323
0
-301920

62041
-155149

-128755
215239
494643


916512
-240531


0
517442
-128342
69364

789011
433593
-60942


562211
-295357


-731968

0
-400314
-77981

-700258
-163330
505317
-803762
198016
840213
0

-525988


-947026

382794
-251393
-781854
0
814465
-396526

505494
0
-582713
0
0

8192

0
-532420
0
0
0
782288
-828344
389421
-735893


925919

-423207
648150
-729966
369699
0

-625097
-302672
810436
-599630
0
-588086



-573461
-244720

307269
996029
0
0
0

-260291
0
321509


307411
0
-921721

0
-567553
0
-2882
841625
314242
771237
0
-614276
0
-550024
-471045
226207
-96115
0

0



-301819

642334

0
0
0
0
-204237
0

174327
-93241

-956119
-829667
-172666
911287
980923
-313788
-938547
-875017

255849
-701357
-52611
-483738
-373138
0
-65102
-496776
-247528
0

998124
0
321818
-764668
808786

0

38303
0
661300
933456

58307
105130

-966126
-855932
-775981

0
706888
-236169

713550
684291
0
0
-235599
970110
31023
0
-53289
-233220
-438960
-674470
-543806
0
-737053


0

666384
984603
0
0
0

0

0
868661

0

0

0
352166
0
-513414
376688

0


-582935
-895970
0

-222260
0
0
-566954

500082

-303894
3667
-4479
-214362
-960122


0
0
-316421


578609
0
-286124
0
0
0
294848
599211
0

173972


137823
-848631
409179
172656
0
19260
-640834
-148136
0

-319530
-253982
905628
-380563
-496495
0
0
0

558305

828968
587922
-869644
495826
222117
-680742

0
0

769413
0
897424
-94930
0
-878675
206139
-561691

0
0
-762427

-713789
0
544258
0
0
-110196
419430

0
708586
704591
396866


546982
0
0
0
-402240
0
0
691889
-284287
0

-115347
-219431
709593
316848
-140438


-664197

0
0
0
237448

383539
-58012
0
-791174
321093

-995801
69000


0
712095
938053
335145
-934369
473027
0

-389957
532853
-34879


-577945
0
-405938
230200

-232832
646043

-5950

806463

0
0
0
0
-264707
247961
0
0

0
-10239
0

514923
0
0

-617243
-297842
574223
0



311552
-657725
-497327
807128

224123
-772821

-11601
0
-87804
-692591

-314934
0
305070
396662


251575

833780

0
-235007
0
923028
-771930
0
0

0
0
0

-473030
0
0
565635

0
-231070
136601
-425835

0
374649
329652


0
-370753
876163
0
241182
-327632

0
0


456043
0
-728187
-282463
517209

0
519124
-215111

0

0



284180
14124

-169050
0
0


-484005
0
-502114

307533
-19150
-759677
0


-886995
-368572
78649
0
237316
-857750
-900206

-328414
186023
-808203

-409381


0
521570
537557
231491
0

0
267428
0
0
-639957
383124
339265

-192754
-145851
-231752
584272
-120980

0
0

-783687
0


716587
907533
756078


729161

-972499
-228480
0
-27034

80858


-775263
697745
390497
-672404
-937252

0
401511


0
900020
0


-614674

34408
274162
-330798
-160696


-429253
954157
0
0
0

-676380
0
-207060

886913
-639358
-867267
0
0
923851
0
-681729
-536588

947390
0
0
0

-248994
0
0
-374711
98749
-751064
-670729

0
75771
0
855904

467348
-201415
-22902
556232
984654
0
0
0

0
-784654
-908693
188513
385125
0
141784
0
16072
-871958
0
0
0
-493580

-432363
253842
0
-52966
175434
0



0
-939876

0
-674126
149700
469751
0
9008
-681838
-965528
-34648
280041
260114
613250
-455946
-233805
0
-851656
0

-273609
-191960
0

-975741

-566711
-66106
0
145883

0
0
0

-714947
368813

117336
-605218
0
-422913


0
-43106
-641159
367936

0

-629584
-128636
-807199
-873270
-735162
-477960
-526084
-457949
589068

-64878
-427948


801545
-931452

0

567899
444856
0
-954377
0
289247
0
-769305
-164184

0
-251176
-954328


0
0
0
334511
994790
0
-58829
-462281
-757413
645319


547585
866631

-26131


699242
-104089
709303
450388
185861

0

182857
-191494

0
895380
0
-339233

0
0

0
0
0
293670
-472848
-478887
-382706
-826037
0
0
0

0
-4027
0

0
0
-297778

788872
-91655
0
532064
0
-989801
0
0

0
-194885
0
-106739

-530790
0
0
-81871
-295772
0

0
0
750866
816987
-885040
-165023
125497
834994
0
0
0
610323

-913965



0
501619
-748857
0
0
0
0
2955
-212804
424756
675405
-106773
-203741
0

-43717
469800
-664438
-20264
-937392
0

-297797
0
271607

632240
0
976617
239919
799570
624735
217746
946522

-983103

996136
-639454
99364
149729

0
0

263286
-479685

0
0
-976185
0
0

0

-513765
-951789
336559
154567
0
-41712
0
0
-359375

-397331
0
0
208027
-577093

278525
772570
818085
280534
0
471666
0
-619680
0
624676
0
-123871
0
-797026
0
-7580
553338



817280
0

0
-125331
830095
0
0
-304445
-730398
0

0


686161
0
399541
0
0
0


0
0

-975696
-60699

-145880
-58473
-371264
-618088
-380916
506063
363660
743588
0
-451934
-39522

0
0
-298789
0
0
948593
343302
-890337

-359645
-822016
0
0
0
798540
-384333
800113

-671491
0
0
0

0
555638
0
-381606

639283





0
0
-323798
370332
186611
633567

0
384192
-163276
460876

-306231
283081
433676
-309275
-158863
-624139

521233
-312310

0
0
144935
-914546


0
136488

0
0



0

0
-383539
0
0
0

-716591
0
0
0
0
0


0
731452
650586
-504259
0
-594487

515710
261202
-911263
951930
0

-468797
-83288
0

594183
0
-709428
-256103


703324

-934271
-653922
-719816
281357

-968348
-912982

-658848

153763
-298733
-392723
-930340
0

701007

579398
-546285
382754
812781
0
172992
74641
562405
0
0
-187202
-501624
-534596
-213835
576085
-161805
-155968
859485

-278586
-75459

-781583
-713314
987539
648296
259451
0
-559001
-155507
477537
91729
0
-660365
650105

0
511516
-225215
0
620231
0
0

-302870
913270
-676237
-378533
0
277170
263290
0


980678
0
0
714938


0
-938395

984205

0

0
-157863


0
0
260760
642687
0
0
681808
-969960
97786
417137
964729

725792
0
0
671664
0
-779508
-76912
-313376
-703711
0
152603
0
494496
-455642

0
0
0

0


0


0

-163056
-76619

39839
910896
405034
0

0
0

915812
593541
-401361
703363
0
941700
-463105
604532
0
0
-126201
151952
643497

0
334034
-335059

87083
0
-988988


-871850
296275

-241468
-269985
-518583
0
-142
952428
-481740
-221471
-295150

292549

0
117582
0

0


688797
0
-324254
452268

-995974

-270659
-661187
341407
0
0
0
-394510
-188657
0
-904722
0


45721
0

-643843

120823
0
0
-346001
0
0
-40321
0
-552676
207774
-773253

0
-313947
0
-597316
813583
487112
506771
-126774
0
0
-928659
937907
0
-562146
0
-14261
291158
717908
-125623
203531

965468
567929
568361
-978975

0
-188505


0
0
-465887
919676
-685037


-400497
-328718
-835940

0
972109
0
988912
-480814

-304640
0
-514441
244934
22090

-969745
728972
-35179

-890321
592577
0

-605837
129500
96832



0

-91204


651906
0
-337482
0
0
0
-107398

-52108
0
0

-543107
0

-317402
-533992

132016
-281750
973526

876259
417722
310650
-433155
343238
-321177
949757
685886
-534723
546276
-67546
-498137
-645590
-325593
0
0

-230876
0
-651673

695296

681369
-110099

-411082

-125950



0
144418
0
-666804
804713
863817

151470
0


-854726
801405

-91480
-314095

237756
446172
0
-248573
-989075
989910
87556
0
0
763602
0
198537

390726
0
489372
0
-900708
821839
0


-466295

0
0
0
-827517
-856287
0
0
-448559
349882
-758432
0
0

-129229
639671
0
-17270
0
-426635


-57352
-832085
0
-265820
-699621
0
987683
0



-920469
943431
-263861
-995070
-595484
0
0

0
322613
0
0
0

0

0
0
0
-38138
-558651
-555776
-478776
-692030
129555
0
-33725

-392424
0
-57314
0
525491
796337
0
98834
-483528
-149401
820878
458946


-76248

664439
-344983
700343
-288376

0
237095
0


-539945

-51190

606321
119353
0
849205
0
-772870
844928
-131695
197811
0

178554
0
419008
0
-933170
190734
-592497
0

696962
0
0

255431
0
-597340
-682056
-515157
-30651
-937818

170102
538959
0
673208
-65105

865762
348779
-608698
734035
-183868

660988
-452435
0

0

0
266738
0
-508296
26925
0
0
-964226
-312714
262682
0

702266
-945818
-988604

-727731
-474852

-161253


372109
-570426
0
0
0

-956655
0
864468
383190
-832757
769809

268179


766061

0
218407
0
-693044
67637
0
194149
949999
292163
0
-374545
935439
126408
0
0
-765700

0
-19222

0


0
0
1184
734359
390643
-611289
-587618

-216590

0

582587
0
969429
0
457543
-816159
704895
0
0
-810747
-697835
678249
-704313

613533
0
179584
592688
564211
0
0


-25018
-141314
33741
0
0
0
-647404

-909616
0
0
0
453046
0
0
606075
-448677




-39135
536082
448234
-250392
-755552
-748551
-708931
-296396
-897862
99208
-193429

430315
-926781
172055
-813592
0

0

0
437635
-406462

0



0
238113
819979
282532
-435261
0
0
0
-914608
744792
0
851195

305118
380662
-422788

974795
-275614
-289227

-783499
-417961
-84221
990411
669947
237917

0
213088
61157
-361269
-156875
0
313930
0
0

943222
0
-267470
418574

825579
0



856595
0
-960595




194890

-727951
0
-289018

0
-82032
-223561
593643

0
0
0
420172
942483
-222550
-927407
241470
-247078
-100589

0
782274
-313396
-5292
636628
0
895514
0
517265
-166647

789144
-99138
236831


0
679324
-756923
-936680
708895
-825383
192179
908043
467962
22149

-538611
0
0




0
-428052
0

-792241

-870316

0



-451398
-794523


-294994
-906453
665868

205293
-28376
0
0
0

831745
0


0

974931
0
0
-300171
-385338
449804
0
0
0
670910
0
0
570174
0
0
-15712
725474
-897764
977515
0
490263
380246
0
0

-908901
-307356
0
-711299

292531
492608
482467
-127121
0
0
-955243
254869
412412
0
0
556247
-560829
238612
0


0
24446

0
-368060
-892876
0
698097
579553


-973218
611672
-926948
0
909788
-640557
0

0
-981482


-338429
769354

0
537300

0
-950063
0

-519323
0
483326
-868224
669590
0
-986509
0
-73305

-382744
0
-625262


-933131
402184
159770
-281487
0
-489071
0
684675
-312687
171834
0
0
0


675435
192822

-125136
-127056
-944571
-269206
922799
-68887
208453

0
0
-956149
0
-109114

487128

-902844
614037
-429227
0
-280379

0
0
719118
754136
-778601
-126773

-20339
-984586

755800
451465
850752

-566527
483079
0
0
885766
795767
-544679
-12332

0
0
-494892
513782
-636668
101933

-346001
-158424
-2296
0

528913
-796994
648854

0

0
0
-117573
0
0

-916868
0
0
202311

0
320381

0
0
0
18601
833882

-272779
0
930136
-835707
0
-620429
0
761427
-886733
0
-327134

0
723670
51272
0

0
0
426704
-353786
-803794
401643
0
125494

0
0
0

89323
720704
153852

296037

0

466186
110085

186570
0

-839544
589749
0

0
0
117346
115486

720886
-281921
447238
345187
-631341
545265
804339
-861751
-673922
593704
916188

0
0


0
916113
0
678231

-332075





453953
0

0
0

883849
-521761
-663302

-555467
0

0
-161366
-963351
725825

-603278
643543
-468871
884030

943980
-924067
-641864
-140215
0
0
-79151

-316439

299648
700522

303346
0
-604880
-131712

-127070
-378901

-620668
-889362


-670224
119866
-981615
0
808643
127500
-930927


0
-232406
507443

0
-514013
493119
714079

315107
380175
-685608





397115

-605303
-410726

0
0
880677
-545607
-287134
-962111
627897
-705123
0
80
495750
-173301
-940513
800473
-818907
225518
0
0
-302390
-475091
809589
-471511

-94064
0
0
0
-832780
-781287
0
23419
-351756
-703910
-98597
794062

309529
0

-511147


728625

0
441565
-163277
0
-816561

-573372
295766
-116045

756644
-239305
0
964419
777800


124021
-694530
165020
752616

830520
370793

0
0
-417798

0

264901
512003
-238178

-779654
667102
-937415
984613


449384
285906
-968295
0
199545
606901

0

856754
0
-876266
895928

0
-443936
-879676
0
-775580
0

-268132

0


458080
838956
-271980
0
0
618309
0
0
-642220
-403676

-624258

0
0
0
0
0
0
-165655
0
0
-222716
0

903848
-242067
-270766
75680

-601025
0
256450
176921
-868213
625956
0
56169
-301239
645789

347156
-186938


214757
755054
-63577
-11048

981720

0
0

-36678
975955

0
-529022
129606
993043
193162
-911083
0
0
932857
408124
556085

841846

963232
0

0
324257
-712360
-829453

0
761179
928849
0
-983580
-844599

350022
0
0
-38485
0
745673
0

-288109

320270
337925
985317
445156
0

902376

0
898051
352981
0
878997

-83133
-917195
859414
-365468
-634963
782160
894463
112130
-17096
624541
-951190

0
764813
824016


0
-492923
-572306
-588710
217861
-869396
898571
-249500
22890
770178

448517
0



0
-172567

0
809627
471881
0
-889877
0


-564735
0
-982370
31858
348951

0
-463695
-559069
-878207
-883530
136916


122537
0
459431
0
-908248
0
-518104
391163
430910


-745801
0
-865852
678602

846836

474747
-462536

778040
-988300

104458
-308236

670119
0
-991252
-906776
-213493

0
276769
-894945
0

658428

0
397742


455368
102114
302083
-678163
-37908

837382
831645
-914097

-778837

443342
310347
0
744975
613411

-716172
0
0

-941409
-320010
893140

0

0
0

0
60101
-896560
-586871
570148
142913
0
254957
-110463
0
-826584

-721874
0

-852073
0


0
0

-684547
-657348
-117915
0


928688

-949583
0
0

0
579906

-441481
-914938
-414489
0

0
0
0
0


356044
399344
-469016
742882
194601

0
-301863
-616105
818939

227085
944525
0

0
286372
-696249
810705
0
0
-43657
-816684

-276636
0
-377009

548994
0

0
-227716
566808
0

-188372

108437
0
0
255421
0

-794314
0
0
0
-452466
508209
0
-216567
944450

969505
344718
0
-824427


664994
0
737553
20648

870731

0
0
0
396644
0
745934
989552
641484
-633670
0
-44168

0
0
-284269
214063
778870


-330708
-891382

0
153872
949490
-819769
967612
0
295933

-589408
0
0
0
331779
-836860
0
0
81514
817077
0
-348866
609760

-263201
898073

230090
183013

778685


675372

0
0
0
564148



729068


-975816
270022
0
0


98402
-959342
0
-798963
-200836
104047
0
-926820
-16624
697303
-6885

609105
803158
941201
0
857647
478933
-707630
580443
558130


-475198

470878

-885536
0
0
0


908553

841782

853925

0
0

13844

0
-441857
-461880
0
-597893
-915371
-533632
-624919
-155968
346159
0
-780039
443724
600621

0
0


0
415777
-418430
867670
443991

-807636
-298766
37580
-388035
-129204
-473245
-160842
0
-216331
731563
-508136
0
0
-301088

-349171
-288202
0
37275

-969368
-752680
925189
940677
-565854
996079
-594479
523912
0
-771790
403335

743593
-152202

518577

0
333833
-567173
-843197
-249326

-960050
0
15874
781572

-809421
2241
155156
-246401
580428
-590481
855031

0

0
-46413

0
916321

-768898

199173
-680899
-247817
232827
0
332519
-152294
-319899

-931520
-404870
862610
68752
425979
-945254
0

-701999
-382482
-958033
822965

0
-126321
6411

0


0
799768

0
0
0



-251618
0
0
0
-295475

0
-906362
0
0
354245
281718
-567765

974724
0
201243
831762
199018
0
264960

-820787
-775629
384661
446738
0
392599
-604988
43316
263469

0

983176
0
596355
0
-638022
-512247

-379535
926264
-823520
0
0
0
164823
284547

0

982304
-128789
0
-463017
397540
-23769

-259851
-346919

0
-953613


-696263
0
-602793

547987
594756
-930847
0
0
-629025
-683815

0

-243453
416639

0
-574100

284853
-126727

202347
0

-253102
-768224

-866077
532725
0
0
-899460
255618
860922
0
-617377

-138135
0
0
803212

0

-548381
-32143
-757433
193459
0
-126201
947606
0
0

-138396
328008
122146
-501897

-575717
0


0
-743580

0
0
0
-834919

747188

0
-828153

663364


-239904
369294
-533988
0

-315804


0
-614230
0


-524058
-373779
-277213


733136
-814837


-47601

-367190
547466
695165
-163015
-682657
-97177
0
452364
-747891
262036
57348
-885765
0
0
0
460280
0
-286860

-45646
0

-356379
0
0

0

635182

0


-243907
-793262
-143220
653925
152419
0
630624

-180630
-811987
-873563

-557343
229391
79167

0
-556064
97023
0
825458


0
0
0

-723200
-432889

609929
-357365
-543501
94807
-748392
994571

-829468
773501
720644
842807
85891
185816

338524
829481

0

-736744
0
-714890
0

895093
398605
-472134
771008

432039




0
0

-283288
576421
0
0

0
-925545
-909314
0
196798
-601814

23824
-321745
798603

181798
0
0
803722
-975645
0
277016


0
773862
0

755723

0
385827

355321
0
981934

-138596
815666

780982
274945
-874174
0
320355
193277
0
46721
711212
912731
0
-189908

195926
477103
-896802
0
0
-335583
0

902960

-453549
0
-771613
-709399

437698
0
0

-383940
0
0
488201
34278
-377592

0
0
421103
-941414

-59048
-662221
-80036
-839580
-242127
-848277
0
0

0
957391
0
0
0
-907027
0
796078

-291799
670253


0
870417
-923555
0
32904
0
13083

892899
-613492
349022
0

-149178

-131073
0
-76330

0

-947929
427555
0

0
-947857
0
0
0
140199
878529
0
-538465
259974
677175

-548934
575572
-305348
-611260
0
651412
-226456
-813565
948345
901423
-131056
-619592
-11315
600490
344337

609292
-984596
-990745
-678912

929712

0
-282451
579463
0
-27885
115565
-671119
225448
0
438314
0

-555970

0
-245478
-699539
0
-170918


320976
0

-101468
0

691107
755318


0
0

754952
-646667
-87773
-258020
0
514528
0
0
0
0

-886890
0
0
289073
573605

576255
0


511838
-242226
-527957
307186
671350
0
0
701379
899634
640459
0

0
0
495610

177084
375449
-197339
269476
0

0
-746471
-481431
-146842
-468386
369207
0
948920
0
787285
-751701

0

-22489
-555498
701459
-208988
410111

-113492
925049
-406303

389198
-783186
-33700
-483993
609467

960133
939807

618834

-478651
700873

970295
0
-24475
0
0
69907
-329707
657695

15592

-895837
49757
0
0
-50733
983480
-224224

0
-166042

0
0
724359
-957392
0

0
0
0

-407252

-994017
-32872
-239784
-599096
802376
-839837
-369672


-911328
-975562
0



617156
0
317914
336468

0
750882
244565
61614
0

0

-841352
0
879628

0
0
0
0
-694902
0
0
0
715612
0

383329
0
0


-174023
0
0
-508116
0
955309
0
120202
-392399
-661522
0
-374079
0

395362
-778176


-656274

0
994658
-441481
0
-907275
0
-225753
0
648333
0
-980908

-390468

-241864

-249428
-140816
0
652928
298664
88615
0
0
-327971
206983
0
-608453
177678
0
-95762
-916096
0
-451607
200426


-509572
-12597
-545567
165941
0
0

-38027
877898
178249

0


22813
0

461060
-922299
0
-458411

0
932109


0
0
498435
0
0
61573
-315043
429891
-308244

626451

-543892
312391
0

-97852

-661568
-662090
-129474

654718
445164
482608

0

573559
0
0
0
207776
0
0


0
386861


232345

0

382183

-520578
-299258

-928810
-474961
861695
-967533
762913

764168

491047
700287
298598
-32968

955114
-718225
0
0

0
771464

291568
775578

285589
333436
0
421316

905104
-268770


835102

496673
0
-221351
-577493

-896132

-387940
106847
-674949
0
-754991

-270285
-444346
-186678
-85925
460209
178822
-121917



0
68042
7550
0

-98649



675750

0
0
997486
0
979920
0
-306331
0
0
-914263
0
18433
-964759
532907
-698866


-633979
-453755
0
488345

0

611699

0

926087
0

1917

0
-899607
-459837
847829
655685
132478
302139
0
47652
-783047
-309164
0
334309
879717
-63324




134456
0

460973
-646491

456978
-75269

0
0
-130041
0
-291152
633598
-916019

-687637
316907
936589
0
0
0
0
0


0

822180
782802
186058

-269896
0
0
0

-633911
0
96684


-255600
-248929

372921
706266


0
561872
-15975
-274400

-420332
0
180471
0
0
36109

-183238


598899

752960
-483021

-27319
867904
-613276

-27632
718908
143522
874674
0
-326343
0

0
186607
0

0
-335386
233773
0
0
-758946
635383
786532
391879

-514249
156999
720019
0
0
324461
384467


-743076
-983404
646746
-356840
477429
-59881
856140

0

919340
0
0

0

173060
0
0
195540
785942
0
-255287
144950
132672
0
-270710
-339759
833618
205292
0
0
0
0
-387054
-735064
-49486

785946

0
0
-452143
0
68085

365131
0
-179329
-770800

-141342
291270
-564810

0
0
0
-19806

-402499
965002

-363800
651628
0


0
835128


800242
-627652


298252
738612
-291811
0
349908
623290
0
-459736

-304687
-782310

146595


-597384
-900481

-659601

509309

-630393

-513805
0
-568253
-356772

0

0
380539
0

-949882
-255128
0
0
0
-376547



-71416
0
0
-909896
-754597
0
426392
0

0
546264
774734
0
0


-446927
-249367
0
893095
0

387000
0

0

5936
-897436
468452
-652378
-681722
798394
0
-294338
998129
255246
0
-324102
-567509
891670
556365
0

0
-364694
-359363


0
72786
0
-364885
882853
252788
101573
0

-486894
-937294
0
0
0

-784973
0
0
0
-495653
-59623
-631162
0
-469750



490948

82449
595432
756648
-5556


0


-617585

0
-996824
0
623075
788476
0
895352
-218756

-913766
114230


-666216
95989


0
-104696
0

0
0
77954
0
0
-925884
-361927
-812753
525962
253584


820408
0
-190053


-714625

-874799




502262
0
73518
985246

275671
0
886040
0
165131

740053
714756
-481062
-729897
918282
0
-451076

0
-549884
779342

0

308386

0
-351221
757313
0
0

-966756
353423
994915
0

-740176
-767700
389335

0
531460
0
594300
-366410
0
354121
519909
0
255615
900628
-780613
0
845687
0
-772220

-79090
259019
0


-598870

-983347
-141196

879027
-820953
0
0
0
-684893
327920
0
-487713

-426749
-344881
0
0

0
741369
0
-691031
0
0
283478


-482651
-544533
947970
0
215867

-679846



0


178346
92888
691378
0
0

-357478
-284093
0
-9770
293485

-544628
394499
0
0
0
0
311806
-823804
-888409
0
0
0
-814452
0
-617480

-914250

-702496
0
-7533
-189298

875005
777432

-74979
0

795144
-476268
0

-347161
624958
0
-371537
289052

903436
0
58787
0
786444
421495
774480

-165216
574681
-247602
426586

518678
0
0
-810327
0
0
0
-150682
483706
0

283135
-670826

0

-475701
282174

220168

-272443
-566324
-807865
0
0
-38184
756789

545410
287644
885510
0
70789

195106

-411757

0
962140

331505
0
-422551
0
286196

-146097
133317

-773271
-564367

0
538753
-998029
-949993


590561


0



342173
0
0
0


927679

-615050
0
69744
-869306

0
924319



0

0
655799
594113
47459
0
291482
0
664480
690747
0

55427
0
0
0
0

-846372
-720149

-631098

587474
0
525655
301156

0
-688086

-68540
-497309
627588


-756509
-342108
0

0
0
-195477
788873
-42301
635960
537146
0
-956851
-302593

845464
0
0
831252
-604724
442698
-347184
0

-680333
0
648213
0
633480


99488

0
356911
374659
0
-698506

334856


398070
0
325754
0
101576
-107291

327180
-404025

-925019

0
661170
88246

327646
0
-729677

-153205
0
399145
0
-884690

212397
151297
0
0

0
18532
0
-366418


0


0
-569258

0
0
0
0
0
0
0
0

0

0
-991815
-975245
445078
0



0
-701821
875212

0
0


-559417

-239798
-516081
814328
-301336
-319389
-737894
0
0


-406356

941008
0

642500
-288870

-237814

-556962
769735
-49009
495816
0
244980
-773931
227402

228947
-287861
452669
628884

0

0

0
-622423

0

0
-613899
-913179
241473
-200369
-464192

-569837
-925318
-225767

-984232

-925534

763910


-747801

-991398

0
0

0

-433404
0
-134523

987867
177360
-58499
109804

-769682
553355
0
104347
-174173
606238
0
791329
0
983355

570931
0
364369
615390

29284
119860
0
-297902

0
0

308486
-641223
0
775156

-721294
341649

-544924
0

0

-361060
0
405383
480452
0
-148097
0
-76079
0

898692
-710920
-221201
-483813

774163
0
-762357
0
534861
-920375
861894
0



0
0

-524854
0
-322816
-355634
-19937

-421114
549387
-945577
-221781
585045
686009
409284
0
0
0
-943025
987418
-546166
192251
105382
-85765
-732120

-587030


0
733364

0
0
-912655
-30467
0
-978008
0
-186981
0

-73253
0
0
-502007

0

661117
0
-208810
327095
0
480630
992417
510724
481888

-146936
0
0
919732
-79207
60871
0
-446219
0
-646534
799819
-532508
-137601
0
194871
0
98549
30269
830621
596493
6083
557635
552894

0
53313
0

-124924


0

346421




-64079
0

-409206
0
910692
0

0


0

84695



-933408
351432
717787
0

0
815417
0
0
290583
996175

-116238
0
0
989268
318804
-956382
0
-897917

940903
-48657
-235942
679307
946202
-50286
0
-896247
0

-78956
-18936
0
0
0
168993
918941
213123

-916970
475282

923507
0
322981
-713318
-4038

0
-530953
0
0
233427

-24751
0
0


0
732329

-334532

450358
411461
0
-231050
0
0


395031
-440670

-796762

0
505605
0

-79324
-941709

0

0

0
0
43480
810736
517387

-904929
-927561
0
0
0
0

882267
7737

892903
0
873609

-685173
833537
500052
680954
-454519

-149226
289581
881481

746384

-877702
0


723584
-438774
0
0
-980124
932558
-786017
248840
0
-214617
0
133411
0

655897
0
0
155994

19980
-233810


-881554
66780

0
-932495

795517
0
968431
-518517
672280
901941
173487
-458247
624742
26496
-963369



0

0
0
0
0
982559



0
582220

71028

0


437331
901798
-874493
0
0
-282449

743607


136286

-725251
-889295
-514568
0
340916
0

0
-888676
567664
0
808165
-75989
967876
0
0
0
436224
0

331551




374761
-79376


276034
-363022


0
-273605
0
954999
0
0
18425

0
714788
-479374
382118


-394256
618119

513585
-468179

0

0
671109
0

71666
629295
0
814067
0
-909972
-90456
-129015

0

-204541
782792
0


839588
-808344

0
0

855918
-914486
335510
-874502
96649
548482
-438314

0
-213302

0
-158565
0
421930


471689
0
434083
0
866077

0

-642847

0
-780438
0
153967
175178
289263
-416014
328785

-830929
871089
0


80523
-689643
0

0
0
0
411051
0
-808502
599542
-633317
778967
0
-533278

-269324
812392

0
979571
-163421

0
0
422502


-166838

0
385710
-976181





-96425

850772

0
198620
682472
-600726
0
403449
-628233
0
813128

656807

-175054
-992206
780219
0

812584
-816461
0

-669501
-585828
0

0
-777568
-156045
0
222760
0


-451892

0
-921292
958856
0
0
933060

-531561
-162372

0

0
-719097
0
340564
-435547
0
-472960
-407390
-695424
-258225
-594954

561753
822379


-188569
-339912
0
0

0
0
45186
500118
-38482
0
211231
0
0
-836636
329511

811865
630104
0
0
-52986
-512179
0

442334
-601310
553369



0
-791948
0
0
0

182805
0
0

-602413
908634

-791776
0


650077
-132789
153563
214526
-131679
0
0
-731415

-807305

0
0
263956
902732

245774

836134
0

660679
0

-521376

0
0
0
0
749758
276762
-803842
-801170
0
176107
732075
-492535

0
862709


0
-96446
86051
0
848675






-968281
-267366



797241
-785612
923015
475217
0
148428
-610927
0
0
-23009

-913999
0
0

692658
449601
0
0
0
-51176

-317012
0
0


168417

243613
0

-690241

0
0
47766
0
0


0
0

-343496
0
765521
863058
242058

0
972878
-330141
-459494

0
0
0

-968537
22361
0

58104
0


0

485257
164315
978049

-129679
0

0
-570376
0
0
220875
0



0

-25421


0
-197159

0

-766161
-91061
0
0




175207

-157650
561480
-817111

0
130838
322000
0
-482818
449553


0
0
0
0
52119


0
0
0
-582834

-394851
412823
178103
-920267
612629
112284
0

-884807
937064
0
0
0
-306821


325281

-277304

868243
0
636768

959831
0
733626
0
307590
507312
812552

525588
-292428
-543000

0
990133
517052
0

-730773
28677
0

266996

-90403
-527098
0
238121
-984493

0
878385
866951

0
-277775
0


406341
455775
849863
0
698943


-693873

0


0
-791459
550196
252092
993253

305640
0
304643
0
804378
382747
0

0
0
0
-165064
203421


729361
0
-620654
0
-970455
-805541
0
646829
-735888
-652244
0
-8905
701789
0
-347551
233203
0
0
-316879
0

0
0

0
835853

-924893
-80205
799067
0
674776
784775


399548
670927
-638267
-31724

0
-613726
0

-54080
-345949



-346641
-971655


176971
-654760

0
0
0

620347
-652966
269808
85755

-24753


193636
0
-336160
0


0
0

-113595
0
8933
756154
0

572973
380466

863828
498241
-115802
46025
0

-374119
938362
-222351

-106526
-416491
-839797
0
0
906716
-339810

0

71943
0
-293819

-767659
447924
-686110
711489



603640

514410

0
0
0
179333
43878
0
897760
858454
0
-471600

809452
-475477
-594554
338868
-683961
-106511
0
0
966403

603958
-927645
0
0
-584263
501288
0
0

0
-103992


0
-454307
-385037
937211
-416750

-987348
0

0
-831921
303103
0
-7395
396279
-901645
576658
-357108

-248243
0
0
0

-806639
-722709
0
-354152
0

748830
617910
99164
0
189106
946802

911770
411032

0
-400633
-935484
192869
-985859

-914664

0
-382805
-862912
693070
702205
98783

-989006

326731


-44635


266126
0
-335341

0
-379546
-165611
-597436
342186
247460
-947526
-922186
925172
-591196
0
284025
573728

-437984
74453
940861
0
0
817541
0
0
758677

277885

772904





-442503
3513
-337742
-332928
-230632
388181
516135
0
575592
978213
0
62128
0
691281
625478
0
576341


0
-279968
0
-401732
-216635
-425060

0
-347701

0
901367
-285999
0
0
649187
0
520906
337273
-727724
430312
0
-245347
432975
-979059
0
791237
-722717
201806


0
101874

0
-493903
0

776953
0

765100
307552
740096

732458


0
-251836
0
0

69224
490350
-434527

-346459
-434403
0
-29588
615331

0
707088

322274
577349
-934920
0
-12802


0
-111326
0
672735
972413
-447028
651497
0
760078


128614
957160
0
0
-492842


0
0
0
0
203169
0
0
-803062
69229

0
0
87170

334615

0
162410
-401590
0



-466258
0
0
0
0
-116925
0


-165461
400183
565503


0

-343688

-627616
-802139
0
0
0
0

408527
660487

246765
0
0
57092
681011
787268
952355
0
-264974
0
-379326
-743913
-723983
0
0
0
957429
-355172

-377774
435121
0
948674
0


-383781
145550
834575
-569755
227346
877220
44514

0
-452623
475864
0
844073
0
-181937
-887693
625162
0
245710
75460
0
581426


-687295

692837
503823

0
200453
0
0
-480849
164820
213016
0

-967869



135884
-601422
0
0
0
49050
0


479742

0


35090

107798
-604193
-991206
861595

0

-429953
0
805693

0
725183
-387634

240355

-44554
-197408
0
963202
210110
0
649123
0
-921801
0
-666797
-937399
788511
985648
111372

0
0
92501
0



0
0
0
-769763
0
435587

239199


88720
-572114
0
8302




0
0
-131381

524549
0
0
907366


0
0
0
-282543
0
846471
-510612
707310

659204
632852
376763
0
780487
0
0
0

561251
206091
0

0
-801373

766212
0

0
391177



2402
-774882
871493
-452004
239991

0
245537

0
300751
99903
0
0

0
0
164706
405538
0


652610
880887


0
-547651
-608463
621650

-847713
872520
0
338077
-86829
0

152531

0
-134839
150617
144861
-997069
0
0
268350
809793
-358736
593825

505982
181166
0
925186
832880

101502
195452

0
825902
-466627
0
0
96477
-205856
261683
0
137343
-516256

367671
-242499

799673
714457
649149

-12656
-247986

-36359
-950141

-228786
906736
0

-389823
639395
-665095
-133031



0
-691908
761999

155214
0
159360

806566
850816
-64610
0
462828
154795
377484
-141440

0

0
0
0
0
566352
741623

-779473
-771297
-670435
846842
-449512
0






470933

-705101
0
0
980447

-973266
-603390

0
0
0
-326956


497497


656174

-848123

-350742
-502616
0
0
195181
-122086
-121276
0
-58045
-632644
-527886
0

0
0


0
-674561
424327
90117
582727
242093
925212

-918060
843094

0
-265040
-774432
-925538

0
0
0



-744573
0
0
427992
0
27088

720015
0
0
457555
867025
677446
-558182
0
0
632089
-125067
-39046
0

748174
-329187

938787
0

0
169169
562848
-229438
0
861201



-422727
60363
-33050
402135
-52168
0
-261637

-438398
-44963
0
127239
-852995

-141594


0
-392587
0

0
-407218
670847
0
0
-937928
167544
-653197
354006
129797
99712

-684499
0
-605825



0
0
0
-663539
-387257
-119081
0
305494
0
0
0
0
-438568
-359077
-326285
928296
0

980370
-633624
0
0

498740
25462

-350020
0

0

112319

-302204
0

-647462
-960396
-618075
-748000

0

-376286
0

0
848241
95954
-200196
0
-77356
-952995
0
-407322
-498366
0
0
-841346
695738
0
0

0
629856
-488955


-531177
-837064
449262

-732533
-279099

-855194
-49261
-358007
935511
0
0
-31698
0


0
908064
183182
108095

-412389
-930271
0
-181003

757502


-339204
151307
233264
-874601
-28594

867684
132201
-410515
310721
-510093



274635
0
973712
0

828945
-241063

0
-175513
954360
-347588
0
0

114696
690576
136651

975579
-157278
-47881
-716384
887566

-896649
289117
-791540
760845
0
-798750
-851338
-117927
908779
0
571305
0
368457
0

296743
0
-878733



-768051
486526
0

-10941
885876
0
-506357
-481945
0
-732556
-91844
143979
600314
-647765
0
881025
-877743
-940331
704468
771753

0
769726
0
0
-592667
-685264
633680
404191
0
-786881
-743523
436603
0
734111
0
0

-761975
963584
0

361792
-963077

787414
118754
0
1362

-355912
527805



0

0
-252538

244827
-342963
0

755569
-701507
0

-397430
-557360

-736274
0

862124
0


476888


209650

0
837905
648104
0
-452139
0
308069
-983542
0


-495032
-679202
983117
0


-490137
-961990

0
442675
0

0


0

0
494836
-546808
839912
564953

0

774791

0
0
720966

422589


-906044
141781
-985520
-470314
749097
0
0

-220660
0
0
0
-319301



-640220
-937948
0

685035
141789


728183

-82693
766008
-820400
-755904

897871

0

0
514480
0
-56375
0
130969
0
836026
-402003
0
365039
0

0
0
0
0
-268210
-787164
950805
420936
424483
-741693
0
263313
-919408
-404695


202126
876191


0
466873
-618050

0
0
-271821
-43493
728526
931031
0
0

709685
-738470
310467

410363
0

0
-930107
0
0
-131308
-509533



-539513
0
5143
-747397
-251289
818231
0
0
51758
0


-546294
-569840
502139
189946
0
513549

0
0
814693
-274781

746883


-161489
620280

-629238

-845643
566745
0

0
806905
-313051
-167691
116713
0
551745

0
-360715
0
994676
0
-262822


0
-12002
0

787150
308921
96249
-580512
117785
938491
-681296

-295806
0

-715355
705971

741908
557159

0
-387653

0
278940
-944448
-299594
-753398
-895962

364165
332255
777438
0

0
-761385
0
776137
363511

227074

0

507115
0


161175

924246
-50276
-88240


0

-416023
930089
36633
-101691
-470609

-648106
-552554
0
-200677
-189676

424744

687982
0
806391
0

-177425
245022
0
87028
-490911
0
920130

173471

-419661
0
5804
0
0
0
0
772816

-660938

-550870
447303
-994421
0
798881
194784

0


0
0
-594620

0

-36156
-17632
-858780
901449
12334

0
-124513

-933077
675904
573736
0



-324616

-667786
0
-946351
0

0
534758

299428
566547



-465766
0
-736342
0
0



0


-885418
0
-271401
521294
-650479
-694932
423038
561849
747678

-70002
0
0
247217

0
-148609
0

0
-510866
0

-107943
851359
41184
801255

-848224

23311

0
0
0
0
-113082
-333149
0

269285
-624405
0
940253
0
-403722
207015


899739
-614368
138891

964769
0
-775222

-272709
752770


796130
862501
-32038
-874613
0
-428712
765749
304555

956197


315436
0

-2530
0
688202

-475884
-160586
-587905
0
-597954
-994869
0

0
-412243
0
808324
521916
0
-549256
364347
-196642
-860101
-582719

295246
-837350
805211
629691
-961635
0
0


-18637

659953
0
0
0
-467210
448262


805444
-713083
0
716806
50358


657527

-941889


504476
-864870
-193614
0
274087
0
0
0

0
687192

0
-243335

0

862909
-333632
-542185
-707963
647069
-328638
536708
0
0
-493138
695555
-505941

44989

435147
360650
778864
0
0

856079

-340679
-817620

-12436


0
0
0
-541646

157704

451315

-419683

184511
593021
0
842445
-348022


0
0
-800696
662598
0
-240527


-122662

98356

-425705
0
-328399
0
0
0
76348

-20486

211469

0
0
0
-486490
0
115613
0
156017
571114

-651686
0

0
284541
0
177414

289686


259197

-996189
-170122
0
744126

0
0
642852
0
-222700

-926172
906780
-282983

0
-883909
-754736
684293

-511965
0
106807
0
423274

0
-419504

0
-486958

436684
543736

443174
919099
-787624
833652

0
964072
0
-899988
0
267084
139201

0
0
0
-278263

-701745
0
229912
-64592

0
-152631

34528

0
-107013
800222

-863612
503194
-669631
93322
0
-304878
0
869207
0


-534356
727767
332014

-276494
-974977
-410565
568897
-740497
0
0


0
-588136
0


-739313
581939

187318
0
68989
952639
-394785

0
986148
-51901
337020
291475
0
131028
-18844


-30912
314327
-881322
-382963

965690
0
0
982474
0
-735212

735342
0
0


-783512
45951
0
-228536
-554103
0
0
-222545
142715
-136990
185887
0

-444221

607763


0
0
-44341
-747344
-901851
-505413



-788384
690989
928089
-584762
0
0
110818
0
-627971
0
-150199
-486578
-111414
499886
444179
0
0
0


-659627
-424764
-576064
0


375974
125014
248429
-756925
0
-496134
0
-654243
-571036
0
0
0

-149199

326773

0
0
0
0
-258120
0
0

-944042
-460551

0



150333
442383
0

0

-919170
62887


692348


0
702845

824949
0
24565
0
0
580452
0
0
0
359448
-87422

835160
-41717

-576175
0
212222
951478
-511629

-553905
0
-381471
-844690

872136
0
642798
-93745

177852
-687838
-728909
0
0
936082
452861
633963
-676783
971789
117707

848482


780696
0

763573
-833425
348768
675342
223465
0
0
0
-151080
-94257
0
-64169
0
0
209282


0
0
479574
0
-123015
370503

0
0
748003
0



-343436
-23232
308271
-80615

-981265

-821362
0
0
-679179
187064
147055

0
416154
-386786
0
497233
0

0
-780266
-450511
0
403997
-863105
625312



508430
392452
-928739




133562
-675544
0
194115


348528
-428052
-150721
226101



0

105536

325033
-304438
577853
-476463
254805
386495
0
-850492
0
835350
908884

991085
0
-553546
0

269812
-167690
-334206

-794937
0
0
0
-311425
879533


154382
0
0
171261
-166888

465402
0
199850

0
500453
-690243
0
601379

-445395
641791



267316
0
0
253719
333621

0
-775426


905848
-750320
0
455783
319474
988204
-811401

-924529
0
-692677

227759


0

0
103503
-136566
-202485
-288820
0

-476611
247421

612090
58913

-640856
0
228027
-61599
416358
-605935
260857

457084
228059
0
-140773
0
215086
754977
0

-890203
596582
398517
502779
0
-715915
765610
-262889
-950986
-998378
801145
-805438
389778

0
979603
-144156
0
-314775
67936
-249367

-151972
-562475
-789383
878523
0

97625
0
0


0
0
611375
0
-433107
0


-437488
0
771546
0

0


0
-598051


401255
607455
692498

0

252207

-239266
0
101370
928401
0
0
995664
-848843
0
973168
-996485
452633
273209
0
344268

-632759
475553

0
-914970
0

0

0

-593635
456751
829281
-522193
-542274
624651
-902559

90427
0
-291313
0
296592
618752

343871
354348
-902940
-463288
0
0
-405732
-469532

0
487921
0
65944
0
-754040

0
922647
-241555
739242
243030
680699


947039
0

-476609
0
0
0
225115
0
-674009
473919
228017
0


0
0

0

0
0

-321621
0
-862030
0
-682206
